(kicad_pcb (version 20171130) (host pcbnew 5.1.9-1.fc33)

  (general
    (thickness 1.6)
    (drawings 4)
    (tracks 105)
    (zones 0)
    (modules 51)
    (nets 47)
  )

  (page A4)
  (layers
    (0 F.Cu signal)
    (31 B.Cu signal)
    (32 B.Adhes user)
    (33 F.Adhes user)
    (34 B.Paste user)
    (35 F.Paste user)
    (36 B.SilkS user)
    (37 F.SilkS user)
    (38 B.Mask user)
    (39 F.Mask user)
    (40 Dwgs.User user)
    (41 Cmts.User user)
    (42 Eco1.User user)
    (43 Eco2.User user)
    (44 Edge.Cuts user)
    (45 Margin user)
    (46 B.CrtYd user)
    (47 F.CrtYd user)
    (48 B.Fab user)
    (49 F.Fab user)
  )

  (setup
    (last_trace_width 0.1524)
    (trace_clearance 0.1524)
    (zone_clearance 0.1524)
    (zone_45_only no)
    (trace_min 0.1524)
    (via_size 0.508)
    (via_drill 0.254)
    (via_min_size 0.508)
    (via_min_drill 0.254)
    (uvia_size 0.508)
    (uvia_drill 0.254)
    (uvias_allowed no)
    (uvia_min_size 0.508)
    (uvia_min_drill 0.254)
    (edge_width 0.05)
    (segment_width 0.2)
    (pcb_text_width 0.3)
    (pcb_text_size 1.5 1.5)
    (mod_edge_width 0.12)
    (mod_text_size 0.6 0.6)
    (mod_text_width 0.1)
    (pad_size 0.6 0.6)
    (pad_drill 0.3)
    (pad_to_mask_clearance 0.0508)
    (aux_axis_origin 0 0)
    (visible_elements FFFDFF7F)
    (pcbplotparams
      (layerselection 0x010fc_ffffffff)
      (usegerberextensions true)
      (usegerberattributes false)
      (usegerberadvancedattributes true)
      (creategerberjobfile true)
      (excludeedgelayer true)
      (linewidth 0.100000)
      (plotframeref false)
      (viasonmask false)
      (mode 1)
      (useauxorigin false)
      (hpglpennumber 1)
      (hpglpenspeed 20)
      (hpglpendiameter 15.000000)
      (psnegative false)
      (psa4output false)
      (plotreference true)
      (plotvalue true)
      (plotinvisibletext false)
      (padsonsilk false)
      (subtractmaskfromsilk false)
      (outputformat 1)
      (mirror false)
      (drillshape 0)
      (scaleselection 1)
      (outputdirectory "gerbers"))
  )

  (net 0 "")
  (net 1 GND)
  (net 2 +3V3)
  (net 3 +5V)
  (net 4 "Net-(C4-Pad2)")
  (net 5 "Net-(C4-Pad1)")
  (net 6 "Net-(C5-Pad1)")
  (net 7 "Net-(C5-Pad2)")
  (net 8 "Net-(C6-Pad1)")
  (net 9 "Net-(C7-Pad1)")
  (net 10 /VCC-5.0)
  (net 11 /RED)
  (net 12 /GREEN)
  (net 13 /BLUE)
  (net 14 /HSYNC)
  (net 15 /VSYNC)
  (net 16 "Net-(J2-Pad1)")
  (net 17 "Net-(J2-Pad5)")
  (net 18 "Net-(J3-Pad1)")
  (net 19 /RXD)
  (net 20 /TXD)
  (net 21 /RTS)
  (net 22 /CTS)
  (net 23 /DBG_UART_RTS)
  (net 24 /DBG_UART_CTS)
  (net 25 /DBG_UART_RX)
  (net 26 /DBG_UART_TX)
  (net 27 /KBD_CLK)
  (net 28 /KBD_DATA)
  (net 29 /PIXEL_R1)
  (net 30 /PIXEL_R2)
  (net 31 /PIXEL_G1)
  (net 32 /PIXEL_G2)
  (net 33 /PIXEL_B1)
  (net 34 /PIXEL_B2)
  (net 35 /DIP_SW0)
  (net 36 /DIP_SW1)
  (net 37 /DIP_SW2)
  (net 38 /DIP_SW3)
  (net 39 /DIP_SW4)
  (net 40 /DIP_SW5)
  (net 41 /DIP_SW6)
  (net 42 /DIP_SW7)
  (net 43 /UART_RX)
  (net 44 /UART_TX)
  (net 45 /UART_RTS)
  (net 46 /UART_CTS)

  (net_class Default "This is the default net class."
    (clearance 0.1524)
    (trace_width 0.1524)
    (via_dia 0.508)
    (via_drill 0.254)
    (uvia_dia 0.508)
    (uvia_drill 0.254)
    (add_net /BLUE)
    (add_net /CTS)
    (add_net /DBG_UART_CTS)
    (add_net /DBG_UART_RTS)
    (add_net /DBG_UART_RX)
    (add_net /DBG_UART_TX)
    (add_net /DIP_SW0)
    (add_net /DIP_SW1)
    (add_net /DIP_SW2)
    (add_net /DIP_SW3)
    (add_net /DIP_SW4)
    (add_net /DIP_SW5)
    (add_net /DIP_SW6)
    (add_net /DIP_SW7)
    (add_net /GREEN)
    (add_net /HSYNC)
    (add_net /KBD_CLK)
    (add_net /KBD_DATA)
    (add_net /PIXEL_B1)
    (add_net /PIXEL_B2)
    (add_net /PIXEL_G1)
    (add_net /PIXEL_G2)
    (add_net /PIXEL_R1)
    (add_net /PIXEL_R2)
    (add_net /RED)
    (add_net /RTS)
    (add_net /RXD)
    (add_net /TXD)
    (add_net /UART_CTS)
    (add_net /UART_RTS)
    (add_net /UART_RX)
    (add_net /UART_TX)
    (add_net /VSYNC)
    (add_net "Net-(C4-Pad1)")
    (add_net "Net-(C4-Pad2)")
    (add_net "Net-(C5-Pad1)")
    (add_net "Net-(C5-Pad2)")
    (add_net "Net-(C6-Pad1)")
    (add_net "Net-(C7-Pad1)")
    (add_net "Net-(J2-Pad1)")
    (add_net "Net-(J2-Pad5)")
    (add_net "Net-(J3-Pad1)")
  )

  (net_class Power ""
    (clearance 0.1524)
    (trace_width 0.3048)
    (via_dia 0.508)
    (via_drill 0.254)
    (uvia_dia 0.508)
    (uvia_drill 0.254)
    (add_net +3V3)
    (add_net +5V)
    (add_net /VCC-5.0)
    (add_net GND)
  )

  (module falco_VIAS:VIA-0.6mm (layer F.Cu) (tedit 604BC9EF) (tstamp 604BDA03)
    (at 112.4 131.4)
    (fp_text reference REF** (at 0.0254 0.4318) (layer F.SilkS) hide
      (effects (font (size 0.127 0.127) (thickness 0.01)))
    )
    (fp_text value VIA-0.6mm (at 0 -0.4064) (layer F.Fab) hide
      (effects (font (size 0.127 0.127) (thickness 0.01)))
    )
    (pad 1 thru_hole circle (at 0 0) (size 0.6 0.6) (drill 0.3) (layers *.Cu)
      (net 2 +3V3) (zone_connect 2))
  )

  (module falco_VIAS:VIA-0.6mm (layer F.Cu) (tedit 604BC9EF) (tstamp 604BD9FB)
    (at 107.7 131.4)
    (fp_text reference REF** (at 0.0254 0.4318) (layer F.SilkS) hide
      (effects (font (size 0.127 0.127) (thickness 0.01)))
    )
    (fp_text value VIA-0.6mm (at 0 -0.4064) (layer F.Fab) hide
      (effects (font (size 0.127 0.127) (thickness 0.01)))
    )
    (pad 1 thru_hole circle (at 0 0) (size 0.6 0.6) (drill 0.3) (layers *.Cu)
      (net 2 +3V3) (zone_connect 2))
  )

  (module falco_VIAS:VIA-0.6mm (layer F.Cu) (tedit 604BCBEF) (tstamp 604BECB3)
    (at 127.7 132.2)
    (fp_text reference REF** (at 0.0254 0.4318) (layer F.SilkS) hide
      (effects (font (size 0.127 0.127) (thickness 0.01)))
    )
    (fp_text value VIA-0.6mm (at 0 -0.4064) (layer F.Fab) hide
      (effects (font (size 0.127 0.127) (thickness 0.01)))
    )
    (pad 1 thru_hole circle (at 0 0) (size 0.508 0.508) (drill 0.254) (layers *.Cu)
      (net 1 GND) (zone_connect 2))
  )

  (module falco_VIAS:VIA-0.6mm (layer F.Cu) (tedit 604BC9EF) (tstamp 604BEA0C)
    (at 130.7 135.4)
    (fp_text reference REF** (at 0.0254 0.4318) (layer F.SilkS) hide
      (effects (font (size 0.127 0.127) (thickness 0.01)))
    )
    (fp_text value VIA-0.6mm (at 0 -0.4064) (layer F.Fab) hide
      (effects (font (size 0.127 0.127) (thickness 0.01)))
    )
    (pad 1 thru_hole circle (at 0 0) (size 0.6 0.6) (drill 0.3) (layers *.Cu)
      (net 2 +3V3) (zone_connect 2))
  )

  (module falco_VIAS:VIA-0.6mm (layer F.Cu) (tedit 604BCBEF) (tstamp 604BD8C6)
    (at 132.1 132.42)
    (fp_text reference REF** (at 0.0254 0.4318) (layer F.SilkS) hide
      (effects (font (size 0.127 0.127) (thickness 0.01)))
    )
    (fp_text value VIA-0.6mm (at 0 -0.4064) (layer F.Fab) hide
      (effects (font (size 0.127 0.127) (thickness 0.01)))
    )
    (pad 1 thru_hole circle (at 0 0) (size 0.508 0.508) (drill 0.254) (layers *.Cu)
      (net 1 GND) (zone_connect 2))
  )

  (module falco_VIAS:VIA-0.6mm (layer F.Cu) (tedit 604BC9EF) (tstamp 604BD66D)
    (at 129.8 135.4)
    (fp_text reference REF** (at 0.0254 0.4318) (layer F.SilkS) hide
      (effects (font (size 0.127 0.127) (thickness 0.01)))
    )
    (fp_text value VIA-0.6mm (at 0 -0.4064) (layer F.Fab) hide
      (effects (font (size 0.127 0.127) (thickness 0.01)))
    )
    (pad 1 thru_hole circle (at 0 0) (size 0.6 0.6) (drill 0.3) (layers *.Cu)
      (net 2 +3V3) (zone_connect 2))
  )

  (module falco_VIAS:VIA-0.6mm (layer F.Cu) (tedit 604BC7BA) (tstamp 604BCB79)
    (at 139.7 97.79)
    (fp_text reference REF** (at 0.0254 0.4318) (layer F.SilkS) hide
      (effects (font (size 0.127 0.127) (thickness 0.01)))
    )
    (fp_text value VIA-0.6mm (at 0 -0.4064) (layer F.Fab) hide
      (effects (font (size 0.127 0.127) (thickness 0.01)))
    )
    (pad 1 thru_hole circle (at 0 0) (size 0.6 0.6) (drill 0.3) (layers *.Cu)
      (net 2 +3V3) (zone_connect 2))
  )

  (module falco_VIAS:VIA-0.6mm (layer F.Cu) (tedit 604BC7B1) (tstamp 604BCB79)
    (at 139.7 102.87)
    (fp_text reference REF** (at 0.0254 0.4318) (layer F.SilkS) hide
      (effects (font (size 0.127 0.127) (thickness 0.01)))
    )
    (fp_text value VIA-0.6mm (at 0 -0.4064) (layer F.Fab) hide
      (effects (font (size 0.127 0.127) (thickness 0.01)))
    )
    (pad 1 thru_hole circle (at 0 0) (size 0.6 0.6) (drill 0.3) (layers *.Cu)
      (net 2 +3V3) (zone_connect 2))
  )

  (module falco_VIAS:VIA-0.6mm (layer F.Cu) (tedit 604BC7C2) (tstamp 604BCB79)
    (at 139.7 92.71)
    (fp_text reference REF** (at 0.0254 0.4318) (layer F.SilkS) hide
      (effects (font (size 0.127 0.127) (thickness 0.01)))
    )
    (fp_text value VIA-0.6mm (at 0 -0.4064) (layer F.Fab) hide
      (effects (font (size 0.127 0.127) (thickness 0.01)))
    )
    (pad 1 thru_hole circle (at 0 0) (size 0.6 0.6) (drill 0.3) (layers *.Cu)
      (net 2 +3V3) (zone_connect 2))
  )

  (module falco_VIAS:VIA-0.6mm (layer F.Cu) (tedit 604BC7CC) (tstamp 604BCB69)
    (at 139.7 87.63)
    (fp_text reference REF** (at 0.0254 0.4318) (layer F.SilkS) hide
      (effects (font (size 0.127 0.127) (thickness 0.01)))
    )
    (fp_text value VIA-0.6mm (at 0 -0.4064) (layer F.Fab) hide
      (effects (font (size 0.127 0.127) (thickness 0.01)))
    )
    (pad 1 thru_hole circle (at 0 0) (size 0.6 0.6) (drill 0.3) (layers *.Cu)
      (net 2 +3V3) (zone_connect 2))
  )

  (module falco_terminal:CUI_MD-60SM (layer F.Cu) (tedit 604BC32F) (tstamp 604C1589)
    (at 106.327 143.5 180)
    (path /604B68AC)
    (fp_text reference J2 (at 8.327 2.7) (layer F.SilkS)
      (effects (font (size 1.00087 1.00087) (thickness 0.05)))
    )
    (fp_text value Mini-DIN-6 (at -4.03275 7.57955) (layer F.SilkS) hide
      (effects (font (size 1.00192 1.00192) (thickness 0.05)))
    )
    (fp_line (start -7 6.5) (end -7 -6.5) (layer Eco2.User) (width 0.1524))
    (fp_line (start 7 6.5) (end -7 6.5) (layer Eco2.User) (width 0.1524))
    (fp_line (start 7 -6.5) (end 7 6.5) (layer Eco2.User) (width 0.1524))
    (fp_line (start 3.5 -6.5) (end 7 -6.5) (layer Eco2.User) (width 0.1524))
    (fp_line (start -3.5 -6.5) (end 3.5 -6.5) (layer Eco2.User) (width 0.1524))
    (fp_line (start -7 -6.5) (end -3.5 -6.5) (layer Eco2.User) (width 0.1524))
    (fp_line (start 3.5 -0.5) (end 3.5 -6.5) (layer Eco2.User) (width 0.1524))
    (fp_line (start -3.5 -0.5) (end 3.5 -0.5) (layer Eco2.User) (width 0.1524))
    (fp_line (start -3.5 -6.5) (end -3.5 -0.5) (layer Eco2.User) (width 0.1524))
    (fp_line (start -7.3 -2.8) (end -7.3 -6.75) (layer Eco1.User) (width 0.05))
    (fp_line (start -7.85 -2.8) (end -7.3 -2.8) (layer Eco1.User) (width 0.05))
    (fp_line (start -7.85 0.9) (end -7.85 -2.8) (layer Eco1.User) (width 0.05))
    (fp_line (start -7.3 0.9) (end -7.85 0.9) (layer Eco1.User) (width 0.05))
    (fp_line (start -7.3 6.75) (end -7.3 0.9) (layer Eco1.User) (width 0.05))
    (fp_line (start 7.3 6.75) (end -7.3 6.75) (layer Eco1.User) (width 0.05))
    (fp_line (start 7.3 0.9) (end 7.3 6.75) (layer Eco1.User) (width 0.05))
    (fp_line (start 7.85 0.9) (end 7.3 0.9) (layer Eco1.User) (width 0.05))
    (fp_line (start 7.85 -2.8) (end 7.85 0.9) (layer Eco1.User) (width 0.05))
    (fp_line (start 7.3 -2.8) (end 7.85 -2.8) (layer Eco1.User) (width 0.05))
    (fp_line (start 7.3 -6.75) (end 7.3 -2.8) (layer Eco1.User) (width 0.05))
    (fp_line (start -7.3 -6.75) (end 7.3 -6.75) (layer Eco1.User) (width 0.05))
    (fp_line (start 7 6.5) (end 7 0.9) (layer F.SilkS) (width 0.1524))
    (fp_line (start 7 -6.5) (end 7 -2.8) (layer F.SilkS) (width 0.1524))
    (fp_line (start -7 6.5) (end -7 0.9) (layer F.SilkS) (width 0.1524))
    (fp_line (start -7 -6.5) (end -7 -2.8) (layer F.SilkS) (width 0.1524))
    (fp_line (start 1.4478 -5.61226) (end 1.4478 -6.42026) (layer Eco2.User) (width 0.1524))
    (fp_line (start -1.4478 -5.61226) (end 1.4478 -5.61226) (layer Eco2.User) (width 0.1524))
    (fp_line (start -1.4478 -6.42026) (end -1.4478 -5.61226) (layer Eco2.User) (width 0.1524))
    (fp_line (start 7 6.5) (end -7 6.5) (layer F.SilkS) (width 0.127))
    (fp_line (start -7 -6.5) (end 7 -6.5) (layer F.SilkS) (width 0.127))
    (fp_text user PANEL~FRONT (at -1.0923 -5.88804) (layer F.Cu) hide
      (effects (font (size 1 1) (thickness 0.05)))
    )
    (pad S1 thru_hole oval (at 0 -1.8 180) (size 3.4 1.7) (drill oval 2.2 0.7) (layers *.Cu *.Mask)
      (net 1 GND))
    (pad 3 thru_hole circle (at -3.4 2 180) (size 1.408 1.408) (drill 0.9) (layers *.Cu *.Mask)
      (net 1 GND))
    (pad 1 thru_hole rect (at -1.3 2 180) (size 1.408 1.408) (drill 0.9) (layers *.Cu *.Mask)
      (net 16 "Net-(J2-Pad1)"))
    (pad 2 thru_hole circle (at 1.3 2 180) (size 1.408 1.408) (drill 0.9) (layers *.Cu *.Mask))
    (pad 4 thru_hole circle (at 3.4 2 180) (size 1.408 1.408) (drill 0.9) (layers *.Cu *.Mask)
      (net 3 +5V))
    (pad 5 thru_hole circle (at -3.4 4.5 180) (size 1.408 1.408) (drill 0.9) (layers *.Cu *.Mask)
      (net 17 "Net-(J2-Pad5)"))
    (pad 6 thru_hole circle (at 3.4 4.5 180) (size 1.408 1.408) (drill 0.9) (layers *.Cu *.Mask))
    (pad S2 thru_hole oval (at -6.75 -1 270) (size 3.4 1.7) (drill oval 2.2 0.7) (layers *.Cu *.Mask)
      (net 1 GND))
    (pad S3 thru_hole oval (at 6.75 -1 270) (size 3.4 1.7) (drill oval 2.2 0.7) (layers *.Cu *.Mask)
      (net 1 GND))
    (model ${KIPRJMOD}/3d/CUI_MD-60SM.step
      (offset (xyz 0 6.502400000000001 6.502400000000001))
      (scale (xyz 1 1 1))
      (rotate (xyz -90 0 -90))
    )
  )

  (module falco_terminal:AMPHENOL_L77HDE15SD1CH4F (layer F.Cu) (tedit 0) (tstamp 604BDD69)
    (at 79 138.57)
    (path /604A93EA)
    (fp_text reference J1 (at -16.8 0.63) (layer F.SilkS)
      (effects (font (size 1 1) (thickness 0.05)))
    )
    (fp_text value L77HDE15SD1CH4F-ND (at -4.015 19.315) (layer F.SilkS) hide
      (effects (font (size 1 1) (thickness 0.05)))
    )
    (fp_circle (center 4.46 -5.79) (end 4.56 -5.79) (layer F.SilkS) (width 0.2))
    (fp_circle (center 4.46 -5.79) (end 4.56 -5.79) (layer Eco2.User) (width 0.2))
    (fp_line (start 8.13 17.43) (end 8.13 11.43) (layer Eco2.User) (width 0.127))
    (fp_line (start 8.13 11.43) (end 15.42 11.43) (layer Eco2.User) (width 0.127))
    (fp_line (start 15.42 11.43) (end 15.42 -4.79) (layer Eco2.User) (width 0.127))
    (fp_line (start 15.42 -4.79) (end -15.42 -4.79) (layer Eco2.User) (width 0.127))
    (fp_line (start -15.42 -4.79) (end -15.42 11.43) (layer Eco2.User) (width 0.127))
    (fp_line (start -15.42 11.43) (end -8.13 11.43) (layer Eco2.User) (width 0.127))
    (fp_line (start -8.13 11.43) (end -8.13 17.43) (layer Eco2.User) (width 0.127))
    (fp_line (start -8.13 17.43) (end 8.13 17.43) (layer Eco2.User) (width 0.127))
    (fp_line (start -15.42 11.43) (end 15.42 11.43) (layer F.SilkS) (width 0.127))
    (fp_line (start 15.42 11.43) (end 15.42 -4.79) (layer F.SilkS) (width 0.127))
    (fp_line (start 15.42 -4.79) (end -15.42 -4.79) (layer F.SilkS) (width 0.127))
    (fp_line (start -15.42 -4.79) (end -15.42 11.43) (layer F.SilkS) (width 0.127))
    (fp_line (start 8.38 17.68) (end 8.38 11.68) (layer Eco1.User) (width 0.05))
    (fp_line (start 8.38 11.68) (end 15.67 11.68) (layer Eco1.User) (width 0.05))
    (fp_line (start 15.67 11.68) (end 15.67 -5.04) (layer Eco1.User) (width 0.05))
    (fp_line (start 15.67 -5.04) (end -15.67 -5.04) (layer Eco1.User) (width 0.05))
    (fp_line (start -15.67 -5.04) (end -15.67 11.68) (layer Eco1.User) (width 0.05))
    (fp_line (start -15.67 11.68) (end -8.38 11.68) (layer Eco1.User) (width 0.05))
    (fp_line (start -8.38 11.68) (end -8.38 17.68) (layer Eco1.User) (width 0.05))
    (fp_line (start -8.38 17.68) (end 8.38 17.68) (layer Eco1.User) (width 0.05))
    (fp_line (start 8.13 11.43) (end -8.13 11.43) (layer Eco2.User) (width 0.127))
    (pad 1 thru_hole rect (at 4.33 -2.54) (size 1.785 1.785) (drill 1.19) (layers *.Cu *.Mask)
      (net 11 /RED))
    (pad 2 thru_hole circle (at 2.04 -2.54) (size 1.785 1.785) (drill 1.19) (layers *.Cu *.Mask)
      (net 12 /GREEN))
    (pad 3 thru_hole circle (at -0.25 -2.54) (size 1.785 1.785) (drill 1.19) (layers *.Cu *.Mask)
      (net 13 /BLUE))
    (pad 4 thru_hole circle (at -2.54 -2.54) (size 1.785 1.785) (drill 1.19) (layers *.Cu *.Mask))
    (pad 5 thru_hole circle (at -4.83 -2.54) (size 1.785 1.785) (drill 1.19) (layers *.Cu *.Mask)
      (net 1 GND))
    (pad 6 thru_hole circle (at 5.475 0) (size 1.785 1.785) (drill 1.19) (layers *.Cu *.Mask)
      (net 1 GND))
    (pad 7 thru_hole circle (at 3.185 0) (size 1.785 1.785) (drill 1.19) (layers *.Cu *.Mask)
      (net 1 GND))
    (pad 8 thru_hole circle (at 0.895 0) (size 1.785 1.785) (drill 1.19) (layers *.Cu *.Mask)
      (net 1 GND))
    (pad 9 thru_hole circle (at -1.395 0) (size 1.785 1.785) (drill 1.19) (layers *.Cu *.Mask))
    (pad 10 thru_hole circle (at -3.685 0) (size 1.785 1.785) (drill 1.19) (layers *.Cu *.Mask)
      (net 1 GND))
    (pad 11 thru_hole circle (at 4.33 2.54) (size 1.785 1.785) (drill 1.19) (layers *.Cu *.Mask))
    (pad 12 thru_hole circle (at 2.04 2.54) (size 1.785 1.785) (drill 1.19) (layers *.Cu *.Mask))
    (pad 13 thru_hole circle (at -0.25 2.54) (size 1.785 1.785) (drill 1.19) (layers *.Cu *.Mask)
      (net 14 /HSYNC))
    (pad 14 thru_hole circle (at -2.54 2.54) (size 1.785 1.785) (drill 1.19) (layers *.Cu *.Mask)
      (net 15 /VSYNC))
    (pad 15 thru_hole circle (at -4.83 2.54) (size 1.785 1.785) (drill 1.19) (layers *.Cu *.Mask))
    (pad S1 thru_hole circle (at -12.495 0) (size 4.066 4.066) (drill 3.05) (layers *.Cu *.Mask)
      (net 1 GND))
    (pad S2 thru_hole circle (at 12.495 0) (size 4.066 4.066) (drill 3.05) (layers *.Cu *.Mask)
      (net 1 GND))
  )

  (module Package_TO_SOT_SMD:SOT-23 (layer F.Cu) (tedit 5A02FF57) (tstamp 604C1F3D)
    (at 110.1 134.3 270)
    (descr "SOT-23, Standard")
    (tags SOT-23)
    (path /604B7591)
    (attr smd)
    (fp_text reference Q1 (at -1.1 -2.5 90) (layer F.SilkS)
      (effects (font (size 0.7 0.7) (thickness 0.1)))
    )
    (fp_text value BSS138 (at 0 2.5 90) (layer F.Fab)
      (effects (font (size 0.7 0.7) (thickness 0.1)))
    )
    (fp_line (start -0.7 -0.95) (end -0.7 1.5) (layer F.Fab) (width 0.1))
    (fp_line (start -0.15 -1.52) (end 0.7 -1.52) (layer F.Fab) (width 0.1))
    (fp_line (start -0.7 -0.95) (end -0.15 -1.52) (layer F.Fab) (width 0.1))
    (fp_line (start 0.7 -1.52) (end 0.7 1.52) (layer F.Fab) (width 0.1))
    (fp_line (start -0.7 1.52) (end 0.7 1.52) (layer F.Fab) (width 0.1))
    (fp_line (start 0.76 1.58) (end 0.76 0.65) (layer F.SilkS) (width 0.12))
    (fp_line (start 0.76 -1.58) (end 0.76 -0.65) (layer F.SilkS) (width 0.12))
    (fp_line (start -1.7 -1.75) (end 1.7 -1.75) (layer F.CrtYd) (width 0.05))
    (fp_line (start 1.7 -1.75) (end 1.7 1.75) (layer F.CrtYd) (width 0.05))
    (fp_line (start 1.7 1.75) (end -1.7 1.75) (layer F.CrtYd) (width 0.05))
    (fp_line (start -1.7 1.75) (end -1.7 -1.75) (layer F.CrtYd) (width 0.05))
    (fp_line (start 0.76 -1.58) (end -1.4 -1.58) (layer F.SilkS) (width 0.12))
    (fp_line (start 0.76 1.58) (end -0.7 1.58) (layer F.SilkS) (width 0.12))
    (fp_text user %R (at 0 0) (layer F.Fab)
      (effects (font (size 0.5 0.5) (thickness 0.075)))
    )
    (pad 1 smd rect (at -1 -0.95 270) (size 0.9 0.8) (layers F.Cu F.Paste F.Mask)
      (net 2 +3V3))
    (pad 2 smd rect (at -1 0.95 270) (size 0.9 0.8) (layers F.Cu F.Paste F.Mask)
      (net 27 /KBD_CLK))
    (pad 3 smd rect (at 1 0 270) (size 0.9 0.8) (layers F.Cu F.Paste F.Mask)
      (net 17 "Net-(J2-Pad5)"))
    (model ${KISYS3DMOD}/Package_TO_SOT_SMD.3dshapes/SOT-23.wrl
      (at (xyz 0 0 0))
      (scale (xyz 1 1 1))
      (rotate (xyz 0 0 0))
    )
  )

  (module Package_TO_SOT_SMD:SOT-23 (layer F.Cu) (tedit 5A02FF57) (tstamp 604BDD93)
    (at 105.4 134.3 270)
    (descr "SOT-23, Standard")
    (tags SOT-23)
    (path /604B90DA)
    (attr smd)
    (fp_text reference Q2 (at -1.1 2.4 90) (layer F.SilkS)
      (effects (font (size 0.7 0.7) (thickness 0.1)))
    )
    (fp_text value BSS138 (at 0 2.5 90) (layer F.Fab)
      (effects (font (size 0.7 0.7) (thickness 0.1)))
    )
    (fp_line (start 0.76 1.58) (end -0.7 1.58) (layer F.SilkS) (width 0.12))
    (fp_line (start 0.76 -1.58) (end -1.4 -1.58) (layer F.SilkS) (width 0.12))
    (fp_line (start -1.7 1.75) (end -1.7 -1.75) (layer F.CrtYd) (width 0.05))
    (fp_line (start 1.7 1.75) (end -1.7 1.75) (layer F.CrtYd) (width 0.05))
    (fp_line (start 1.7 -1.75) (end 1.7 1.75) (layer F.CrtYd) (width 0.05))
    (fp_line (start -1.7 -1.75) (end 1.7 -1.75) (layer F.CrtYd) (width 0.05))
    (fp_line (start 0.76 -1.58) (end 0.76 -0.65) (layer F.SilkS) (width 0.12))
    (fp_line (start 0.76 1.58) (end 0.76 0.65) (layer F.SilkS) (width 0.12))
    (fp_line (start -0.7 1.52) (end 0.7 1.52) (layer F.Fab) (width 0.1))
    (fp_line (start 0.7 -1.52) (end 0.7 1.52) (layer F.Fab) (width 0.1))
    (fp_line (start -0.7 -0.95) (end -0.15 -1.52) (layer F.Fab) (width 0.1))
    (fp_line (start -0.15 -1.52) (end 0.7 -1.52) (layer F.Fab) (width 0.1))
    (fp_line (start -0.7 -0.95) (end -0.7 1.5) (layer F.Fab) (width 0.1))
    (fp_text user %R (at 0 0) (layer F.Fab)
      (effects (font (size 0.5 0.5) (thickness 0.075)))
    )
    (pad 3 smd rect (at 1 0 270) (size 0.9 0.8) (layers F.Cu F.Paste F.Mask)
      (net 16 "Net-(J2-Pad1)"))
    (pad 2 smd rect (at -1 0.95 270) (size 0.9 0.8) (layers F.Cu F.Paste F.Mask)
      (net 28 /KBD_DATA))
    (pad 1 smd rect (at -1 -0.95 270) (size 0.9 0.8) (layers F.Cu F.Paste F.Mask)
      (net 2 +3V3))
    (model ${KISYS3DMOD}/Package_TO_SOT_SMD.3dshapes/SOT-23.wrl
      (at (xyz 0 0 0))
      (scale (xyz 1 1 1))
      (rotate (xyz 0 0 0))
    )
  )

  (module Capacitor_SMD:C_0603_1608Metric_Pad1.08x0.95mm_HandSolder (layer F.Cu) (tedit 5F68FEEF) (tstamp 604C14C7)
    (at 128.5 134.3625 90)
    (descr "Capacitor SMD 0603 (1608 Metric), square (rectangular) end terminal, IPC_7351 nominal with elongated pad for handsoldering. (Body size source: IPC-SM-782 page 76, https://www.pcb-3d.com/wordpress/wp-content/uploads/ipc-sm-782a_amendment_1_and_2.pdf), generated with kicad-footprint-generator")
    (tags "capacitor handsolder")
    (path /604D6606)
    (attr smd)
    (fp_text reference C1 (at 2.3625 0 90) (layer F.SilkS)
      (effects (font (size 0.7 0.7) (thickness 0.1)))
    )
    (fp_text value 0.1u (at 0 1.43 90) (layer F.Fab)
      (effects (font (size 0.7 0.7) (thickness 0.1)))
    )
    (fp_line (start 1.65 0.73) (end -1.65 0.73) (layer F.CrtYd) (width 0.05))
    (fp_line (start 1.65 -0.73) (end 1.65 0.73) (layer F.CrtYd) (width 0.05))
    (fp_line (start -1.65 -0.73) (end 1.65 -0.73) (layer F.CrtYd) (width 0.05))
    (fp_line (start -1.65 0.73) (end -1.65 -0.73) (layer F.CrtYd) (width 0.05))
    (fp_line (start -0.146267 0.51) (end 0.146267 0.51) (layer F.SilkS) (width 0.12))
    (fp_line (start -0.146267 -0.51) (end 0.146267 -0.51) (layer F.SilkS) (width 0.12))
    (fp_line (start 0.8 0.4) (end -0.8 0.4) (layer F.Fab) (width 0.1))
    (fp_line (start 0.8 -0.4) (end 0.8 0.4) (layer F.Fab) (width 0.1))
    (fp_line (start -0.8 -0.4) (end 0.8 -0.4) (layer F.Fab) (width 0.1))
    (fp_line (start -0.8 0.4) (end -0.8 -0.4) (layer F.Fab) (width 0.1))
    (fp_text user %R (at 0 0 90) (layer F.Fab)
      (effects (font (size 0.4 0.4) (thickness 0.06)))
    )
    (pad 1 smd roundrect (at -0.8625 0 90) (size 1.075 0.95) (layers F.Cu F.Paste F.Mask) (roundrect_rratio 0.25)
      (net 2 +3V3))
    (pad 2 smd roundrect (at 0.8625 0 90) (size 1.075 0.95) (layers F.Cu F.Paste F.Mask) (roundrect_rratio 0.25)
      (net 1 GND))
    (model ${KISYS3DMOD}/Capacitor_SMD.3dshapes/C_0603_1608Metric.wrl
      (at (xyz 0 0 0))
      (scale (xyz 1 1 1))
      (rotate (xyz 0 0 0))
    )
  )

  (module Capacitor_SMD:C_0603_1608Metric_Pad1.08x0.95mm_HandSolder (layer F.Cu) (tedit 5F68FEEF) (tstamp 604C14D8)
    (at 126.9 134.3625 90)
    (descr "Capacitor SMD 0603 (1608 Metric), square (rectangular) end terminal, IPC_7351 nominal with elongated pad for handsoldering. (Body size source: IPC-SM-782 page 76, https://www.pcb-3d.com/wordpress/wp-content/uploads/ipc-sm-782a_amendment_1_and_2.pdf), generated with kicad-footprint-generator")
    (tags "capacitor handsolder")
    (path /604DB3B4)
    (attr smd)
    (fp_text reference C2 (at 2.3625 0 90) (layer F.SilkS)
      (effects (font (size 0.7 0.7) (thickness 0.1)))
    )
    (fp_text value 10u (at 0 1.43 90) (layer F.Fab)
      (effects (font (size 0.7 0.7) (thickness 0.1)))
    )
    (fp_line (start -0.8 0.4) (end -0.8 -0.4) (layer F.Fab) (width 0.1))
    (fp_line (start -0.8 -0.4) (end 0.8 -0.4) (layer F.Fab) (width 0.1))
    (fp_line (start 0.8 -0.4) (end 0.8 0.4) (layer F.Fab) (width 0.1))
    (fp_line (start 0.8 0.4) (end -0.8 0.4) (layer F.Fab) (width 0.1))
    (fp_line (start -0.146267 -0.51) (end 0.146267 -0.51) (layer F.SilkS) (width 0.12))
    (fp_line (start -0.146267 0.51) (end 0.146267 0.51) (layer F.SilkS) (width 0.12))
    (fp_line (start -1.65 0.73) (end -1.65 -0.73) (layer F.CrtYd) (width 0.05))
    (fp_line (start -1.65 -0.73) (end 1.65 -0.73) (layer F.CrtYd) (width 0.05))
    (fp_line (start 1.65 -0.73) (end 1.65 0.73) (layer F.CrtYd) (width 0.05))
    (fp_line (start 1.65 0.73) (end -1.65 0.73) (layer F.CrtYd) (width 0.05))
    (fp_text user %R (at 0 0 90) (layer F.Fab)
      (effects (font (size 0.4 0.4) (thickness 0.06)))
    )
    (pad 2 smd roundrect (at 0.8625 0 90) (size 1.075 0.95) (layers F.Cu F.Paste F.Mask) (roundrect_rratio 0.25)
      (net 1 GND))
    (pad 1 smd roundrect (at -0.8625 0 90) (size 1.075 0.95) (layers F.Cu F.Paste F.Mask) (roundrect_rratio 0.25)
      (net 2 +3V3))
    (model ${KISYS3DMOD}/Capacitor_SMD.3dshapes/C_0603_1608Metric.wrl
      (at (xyz 0 0 0))
      (scale (xyz 1 1 1))
      (rotate (xyz 0 0 0))
    )
  )

  (module Capacitor_SMD:C_0603_1608Metric_Pad1.08x0.95mm_HandSolder (layer F.Cu) (tedit 5F68FEEF) (tstamp 604C14E9)
    (at 104.56 119.3)
    (descr "Capacitor SMD 0603 (1608 Metric), square (rectangular) end terminal, IPC_7351 nominal with elongated pad for handsoldering. (Body size source: IPC-SM-782 page 76, https://www.pcb-3d.com/wordpress/wp-content/uploads/ipc-sm-782a_amendment_1_and_2.pdf), generated with kicad-footprint-generator")
    (tags "capacitor handsolder")
    (path /6084CAD0)
    (attr smd)
    (fp_text reference C3 (at 0 -1.43) (layer F.SilkS)
      (effects (font (size 0.7 0.7) (thickness 0.1)))
    )
    (fp_text value 0.1u (at 0 1.43) (layer F.Fab)
      (effects (font (size 0.7 0.7) (thickness 0.1)))
    )
    (fp_line (start 1.65 0.73) (end -1.65 0.73) (layer F.CrtYd) (width 0.05))
    (fp_line (start 1.65 -0.73) (end 1.65 0.73) (layer F.CrtYd) (width 0.05))
    (fp_line (start -1.65 -0.73) (end 1.65 -0.73) (layer F.CrtYd) (width 0.05))
    (fp_line (start -1.65 0.73) (end -1.65 -0.73) (layer F.CrtYd) (width 0.05))
    (fp_line (start -0.146267 0.51) (end 0.146267 0.51) (layer F.SilkS) (width 0.12))
    (fp_line (start -0.146267 -0.51) (end 0.146267 -0.51) (layer F.SilkS) (width 0.12))
    (fp_line (start 0.8 0.4) (end -0.8 0.4) (layer F.Fab) (width 0.1))
    (fp_line (start 0.8 -0.4) (end 0.8 0.4) (layer F.Fab) (width 0.1))
    (fp_line (start -0.8 -0.4) (end 0.8 -0.4) (layer F.Fab) (width 0.1))
    (fp_line (start -0.8 0.4) (end -0.8 -0.4) (layer F.Fab) (width 0.1))
    (fp_text user %R (at 0 0) (layer F.Fab)
      (effects (font (size 0.4 0.4) (thickness 0.06)))
    )
    (pad 1 smd roundrect (at -0.8625 0) (size 1.075 0.95) (layers F.Cu F.Paste F.Mask) (roundrect_rratio 0.25)
      (net 3 +5V))
    (pad 2 smd roundrect (at 0.8625 0) (size 1.075 0.95) (layers F.Cu F.Paste F.Mask) (roundrect_rratio 0.25)
      (net 1 GND))
    (model ${KISYS3DMOD}/Capacitor_SMD.3dshapes/C_0603_1608Metric.wrl
      (at (xyz 0 0 0))
      (scale (xyz 1 1 1))
      (rotate (xyz 0 0 0))
    )
  )

  (module Capacitor_SMD:C_0603_1608Metric_Pad1.08x0.95mm_HandSolder (layer F.Cu) (tedit 5F68FEEF) (tstamp 604BD79C)
    (at 138.1 134.5375 90)
    (descr "Capacitor SMD 0603 (1608 Metric), square (rectangular) end terminal, IPC_7351 nominal with elongated pad for handsoldering. (Body size source: IPC-SM-782 page 76, https://www.pcb-3d.com/wordpress/wp-content/uploads/ipc-sm-782a_amendment_1_and_2.pdf), generated with kicad-footprint-generator")
    (tags "capacitor handsolder")
    (path /604D2444)
    (attr smd)
    (fp_text reference C4 (at 0.0625 1.3 90) (layer F.SilkS)
      (effects (font (size 0.7 0.7) (thickness 0.1)))
    )
    (fp_text value 0.1u (at 0 1.43 90) (layer F.Fab)
      (effects (font (size 0.7 0.7) (thickness 0.1)))
    )
    (fp_line (start -0.8 0.4) (end -0.8 -0.4) (layer F.Fab) (width 0.1))
    (fp_line (start -0.8 -0.4) (end 0.8 -0.4) (layer F.Fab) (width 0.1))
    (fp_line (start 0.8 -0.4) (end 0.8 0.4) (layer F.Fab) (width 0.1))
    (fp_line (start 0.8 0.4) (end -0.8 0.4) (layer F.Fab) (width 0.1))
    (fp_line (start -0.146267 -0.51) (end 0.146267 -0.51) (layer F.SilkS) (width 0.12))
    (fp_line (start -0.146267 0.51) (end 0.146267 0.51) (layer F.SilkS) (width 0.12))
    (fp_line (start -1.65 0.73) (end -1.65 -0.73) (layer F.CrtYd) (width 0.05))
    (fp_line (start -1.65 -0.73) (end 1.65 -0.73) (layer F.CrtYd) (width 0.05))
    (fp_line (start 1.65 -0.73) (end 1.65 0.73) (layer F.CrtYd) (width 0.05))
    (fp_line (start 1.65 0.73) (end -1.65 0.73) (layer F.CrtYd) (width 0.05))
    (fp_text user %R (at 0 0 90) (layer F.Fab)
      (effects (font (size 0.4 0.4) (thickness 0.06)))
    )
    (pad 2 smd roundrect (at 0.8625 0 90) (size 1.075 0.95) (layers F.Cu F.Paste F.Mask) (roundrect_rratio 0.25)
      (net 4 "Net-(C4-Pad2)"))
    (pad 1 smd roundrect (at -0.8625 0 90) (size 1.075 0.95) (layers F.Cu F.Paste F.Mask) (roundrect_rratio 0.25)
      (net 5 "Net-(C4-Pad1)"))
    (model ${KISYS3DMOD}/Capacitor_SMD.3dshapes/C_0603_1608Metric.wrl
      (at (xyz 0 0 0))
      (scale (xyz 1 1 1))
      (rotate (xyz 0 0 0))
    )
  )

  (module Capacitor_SMD:C_0603_1608Metric_Pad1.08x0.95mm_HandSolder (layer F.Cu) (tedit 5F68FEEF) (tstamp 604C150B)
    (at 138.1 131.1375 90)
    (descr "Capacitor SMD 0603 (1608 Metric), square (rectangular) end terminal, IPC_7351 nominal with elongated pad for handsoldering. (Body size source: IPC-SM-782 page 76, https://www.pcb-3d.com/wordpress/wp-content/uploads/ipc-sm-782a_amendment_1_and_2.pdf), generated with kicad-footprint-generator")
    (tags "capacitor handsolder")
    (path /604D11D8)
    (attr smd)
    (fp_text reference C5 (at -0.0375 1.4 90) (layer F.SilkS)
      (effects (font (size 0.7 0.7) (thickness 0.1)))
    )
    (fp_text value 0.1u (at 0 1.43 90) (layer F.Fab)
      (effects (font (size 0.7 0.7) (thickness 0.1)))
    )
    (fp_line (start 1.65 0.73) (end -1.65 0.73) (layer F.CrtYd) (width 0.05))
    (fp_line (start 1.65 -0.73) (end 1.65 0.73) (layer F.CrtYd) (width 0.05))
    (fp_line (start -1.65 -0.73) (end 1.65 -0.73) (layer F.CrtYd) (width 0.05))
    (fp_line (start -1.65 0.73) (end -1.65 -0.73) (layer F.CrtYd) (width 0.05))
    (fp_line (start -0.146267 0.51) (end 0.146267 0.51) (layer F.SilkS) (width 0.12))
    (fp_line (start -0.146267 -0.51) (end 0.146267 -0.51) (layer F.SilkS) (width 0.12))
    (fp_line (start 0.8 0.4) (end -0.8 0.4) (layer F.Fab) (width 0.1))
    (fp_line (start 0.8 -0.4) (end 0.8 0.4) (layer F.Fab) (width 0.1))
    (fp_line (start -0.8 -0.4) (end 0.8 -0.4) (layer F.Fab) (width 0.1))
    (fp_line (start -0.8 0.4) (end -0.8 -0.4) (layer F.Fab) (width 0.1))
    (fp_text user %R (at 0 0 90) (layer F.Fab)
      (effects (font (size 0.4 0.4) (thickness 0.06)))
    )
    (pad 1 smd roundrect (at -0.8625 0 90) (size 1.075 0.95) (layers F.Cu F.Paste F.Mask) (roundrect_rratio 0.25)
      (net 6 "Net-(C5-Pad1)"))
    (pad 2 smd roundrect (at 0.8625 0 90) (size 1.075 0.95) (layers F.Cu F.Paste F.Mask) (roundrect_rratio 0.25)
      (net 7 "Net-(C5-Pad2)"))
    (model ${KISYS3DMOD}/Capacitor_SMD.3dshapes/C_0603_1608Metric.wrl
      (at (xyz 0 0 0))
      (scale (xyz 1 1 1))
      (rotate (xyz 0 0 0))
    )
  )

  (module Capacitor_SMD:C_0603_1608Metric_Pad1.08x0.95mm_HandSolder (layer B.Cu) (tedit 5F68FEEF) (tstamp 604C151C)
    (at 132.9625 131.2 180)
    (descr "Capacitor SMD 0603 (1608 Metric), square (rectangular) end terminal, IPC_7351 nominal with elongated pad for handsoldering. (Body size source: IPC-SM-782 page 76, https://www.pcb-3d.com/wordpress/wp-content/uploads/ipc-sm-782a_amendment_1_and_2.pdf), generated with kicad-footprint-generator")
    (tags "capacitor handsolder")
    (path /604C1425)
    (attr smd)
    (fp_text reference C6 (at 0.0625 1.3) (layer B.SilkS)
      (effects (font (size 0.7 0.7) (thickness 0.1)) (justify mirror))
    )
    (fp_text value 0.1u (at 0 -1.43) (layer B.Fab)
      (effects (font (size 0.7 0.7) (thickness 0.1)) (justify mirror))
    )
    (fp_line (start -0.8 -0.4) (end -0.8 0.4) (layer B.Fab) (width 0.1))
    (fp_line (start -0.8 0.4) (end 0.8 0.4) (layer B.Fab) (width 0.1))
    (fp_line (start 0.8 0.4) (end 0.8 -0.4) (layer B.Fab) (width 0.1))
    (fp_line (start 0.8 -0.4) (end -0.8 -0.4) (layer B.Fab) (width 0.1))
    (fp_line (start -0.146267 0.51) (end 0.146267 0.51) (layer B.SilkS) (width 0.12))
    (fp_line (start -0.146267 -0.51) (end 0.146267 -0.51) (layer B.SilkS) (width 0.12))
    (fp_line (start -1.65 -0.73) (end -1.65 0.73) (layer B.CrtYd) (width 0.05))
    (fp_line (start -1.65 0.73) (end 1.65 0.73) (layer B.CrtYd) (width 0.05))
    (fp_line (start 1.65 0.73) (end 1.65 -0.73) (layer B.CrtYd) (width 0.05))
    (fp_line (start 1.65 -0.73) (end -1.65 -0.73) (layer B.CrtYd) (width 0.05))
    (fp_text user %R (at 0 0) (layer B.Fab)
      (effects (font (size 0.4 0.4) (thickness 0.06)) (justify mirror))
    )
    (pad 2 smd roundrect (at 0.8625 0 180) (size 1.075 0.95) (layers B.Cu B.Paste B.Mask) (roundrect_rratio 0.25)
      (net 1 GND))
    (pad 1 smd roundrect (at -0.8625 0 180) (size 1.075 0.95) (layers B.Cu B.Paste B.Mask) (roundrect_rratio 0.25)
      (net 8 "Net-(C6-Pad1)"))
    (model ${KISYS3DMOD}/Capacitor_SMD.3dshapes/C_0603_1608Metric.wrl
      (at (xyz 0 0 0))
      (scale (xyz 1 1 1))
      (rotate (xyz 0 0 0))
    )
  )

  (module Capacitor_SMD:C_0603_1608Metric_Pad1.08x0.95mm_HandSolder (layer B.Cu) (tedit 5F68FEEF) (tstamp 604C152D)
    (at 132.9625 133.6 180)
    (descr "Capacitor SMD 0603 (1608 Metric), square (rectangular) end terminal, IPC_7351 nominal with elongated pad for handsoldering. (Body size source: IPC-SM-782 page 76, https://www.pcb-3d.com/wordpress/wp-content/uploads/ipc-sm-782a_amendment_1_and_2.pdf), generated with kicad-footprint-generator")
    (tags "capacitor handsolder")
    (path /604CE5E4)
    (attr smd)
    (fp_text reference C7 (at -0.0375 -1.3) (layer B.SilkS)
      (effects (font (size 0.7 0.7) (thickness 0.1)) (justify mirror))
    )
    (fp_text value 0.1u (at 0 -1.43) (layer B.Fab)
      (effects (font (size 0.7 0.7) (thickness 0.1)) (justify mirror))
    )
    (fp_line (start -0.8 -0.4) (end -0.8 0.4) (layer B.Fab) (width 0.1))
    (fp_line (start -0.8 0.4) (end 0.8 0.4) (layer B.Fab) (width 0.1))
    (fp_line (start 0.8 0.4) (end 0.8 -0.4) (layer B.Fab) (width 0.1))
    (fp_line (start 0.8 -0.4) (end -0.8 -0.4) (layer B.Fab) (width 0.1))
    (fp_line (start -0.146267 0.51) (end 0.146267 0.51) (layer B.SilkS) (width 0.12))
    (fp_line (start -0.146267 -0.51) (end 0.146267 -0.51) (layer B.SilkS) (width 0.12))
    (fp_line (start -1.65 -0.73) (end -1.65 0.73) (layer B.CrtYd) (width 0.05))
    (fp_line (start -1.65 0.73) (end 1.65 0.73) (layer B.CrtYd) (width 0.05))
    (fp_line (start 1.65 0.73) (end 1.65 -0.73) (layer B.CrtYd) (width 0.05))
    (fp_line (start 1.65 -0.73) (end -1.65 -0.73) (layer B.CrtYd) (width 0.05))
    (fp_text user %R (at 0 0) (layer B.Fab)
      (effects (font (size 0.4 0.4) (thickness 0.06)) (justify mirror))
    )
    (pad 2 smd roundrect (at 0.8625 0 180) (size 1.075 0.95) (layers B.Cu B.Paste B.Mask) (roundrect_rratio 0.25)
      (net 1 GND))
    (pad 1 smd roundrect (at -0.8625 0 180) (size 1.075 0.95) (layers B.Cu B.Paste B.Mask) (roundrect_rratio 0.25)
      (net 9 "Net-(C7-Pad1)"))
    (model ${KISYS3DMOD}/Capacitor_SMD.3dshapes/C_0603_1608Metric.wrl
      (at (xyz 0 0 0))
      (scale (xyz 1 1 1))
      (rotate (xyz 0 0 0))
    )
  )

  (module Capacitor_SMD:C_0603_1608Metric_Pad1.08x0.95mm_HandSolder (layer F.Cu) (tedit 5F68FEEF) (tstamp 604C153E)
    (at 50.49 115.94)
    (descr "Capacitor SMD 0603 (1608 Metric), square (rectangular) end terminal, IPC_7351 nominal with elongated pad for handsoldering. (Body size source: IPC-SM-782 page 76, https://www.pcb-3d.com/wordpress/wp-content/uploads/ipc-sm-782a_amendment_1_and_2.pdf), generated with kicad-footprint-generator")
    (tags "capacitor handsolder")
    (path /60A5FCE9)
    (attr smd)
    (fp_text reference C8 (at 0 -1.43) (layer F.SilkS)
      (effects (font (size 0.7 0.7) (thickness 0.1)))
    )
    (fp_text value 0.1u (at 0 1.43) (layer F.Fab)
      (effects (font (size 0.7 0.7) (thickness 0.1)))
    )
    (fp_line (start 1.65 0.73) (end -1.65 0.73) (layer F.CrtYd) (width 0.05))
    (fp_line (start 1.65 -0.73) (end 1.65 0.73) (layer F.CrtYd) (width 0.05))
    (fp_line (start -1.65 -0.73) (end 1.65 -0.73) (layer F.CrtYd) (width 0.05))
    (fp_line (start -1.65 0.73) (end -1.65 -0.73) (layer F.CrtYd) (width 0.05))
    (fp_line (start -0.146267 0.51) (end 0.146267 0.51) (layer F.SilkS) (width 0.12))
    (fp_line (start -0.146267 -0.51) (end 0.146267 -0.51) (layer F.SilkS) (width 0.12))
    (fp_line (start 0.8 0.4) (end -0.8 0.4) (layer F.Fab) (width 0.1))
    (fp_line (start 0.8 -0.4) (end 0.8 0.4) (layer F.Fab) (width 0.1))
    (fp_line (start -0.8 -0.4) (end 0.8 -0.4) (layer F.Fab) (width 0.1))
    (fp_line (start -0.8 0.4) (end -0.8 -0.4) (layer F.Fab) (width 0.1))
    (fp_text user %R (at 0 0) (layer F.Fab)
      (effects (font (size 0.4 0.4) (thickness 0.06)))
    )
    (pad 1 smd roundrect (at -0.8625 0) (size 1.075 0.95) (layers F.Cu F.Paste F.Mask) (roundrect_rratio 0.25)
      (net 10 /VCC-5.0))
    (pad 2 smd roundrect (at 0.8625 0) (size 1.075 0.95) (layers F.Cu F.Paste F.Mask) (roundrect_rratio 0.25)
      (net 1 GND))
    (model ${KISYS3DMOD}/Capacitor_SMD.3dshapes/C_0603_1608Metric.wrl
      (at (xyz 0 0 0))
      (scale (xyz 1 1 1))
      (rotate (xyz 0 0 0))
    )
  )

  (module Capacitor_SMD:C_1210_3225Metric_Pad1.33x2.70mm_HandSolder (layer F.Cu) (tedit 5F68FEEF) (tstamp 604C2236)
    (at 48.8075 121.67)
    (descr "Capacitor SMD 1210 (3225 Metric), square (rectangular) end terminal, IPC_7351 nominal with elongated pad for handsoldering. (Body size source: IPC-SM-782 page 76, https://www.pcb-3d.com/wordpress/wp-content/uploads/ipc-sm-782a_amendment_1_and_2.pdf), generated with kicad-footprint-generator")
    (tags "capacitor handsolder")
    (path /60A7F40A)
    (attr smd)
    (fp_text reference C9 (at 0 -2.3) (layer F.SilkS)
      (effects (font (size 0.7 0.7) (thickness 0.1)))
    )
    (fp_text value 100u (at 0 2.3) (layer F.Fab)
      (effects (font (size 0.7 0.7) (thickness 0.1)))
    )
    (fp_line (start 2.48 1.6) (end -2.48 1.6) (layer F.CrtYd) (width 0.05))
    (fp_line (start 2.48 -1.6) (end 2.48 1.6) (layer F.CrtYd) (width 0.05))
    (fp_line (start -2.48 -1.6) (end 2.48 -1.6) (layer F.CrtYd) (width 0.05))
    (fp_line (start -2.48 1.6) (end -2.48 -1.6) (layer F.CrtYd) (width 0.05))
    (fp_line (start -0.711252 1.36) (end 0.711252 1.36) (layer F.SilkS) (width 0.12))
    (fp_line (start -0.711252 -1.36) (end 0.711252 -1.36) (layer F.SilkS) (width 0.12))
    (fp_line (start 1.6 1.25) (end -1.6 1.25) (layer F.Fab) (width 0.1))
    (fp_line (start 1.6 -1.25) (end 1.6 1.25) (layer F.Fab) (width 0.1))
    (fp_line (start -1.6 -1.25) (end 1.6 -1.25) (layer F.Fab) (width 0.1))
    (fp_line (start -1.6 1.25) (end -1.6 -1.25) (layer F.Fab) (width 0.1))
    (fp_text user %R (at 0 0) (layer F.Fab)
      (effects (font (size 0.8 0.8) (thickness 0.12)))
    )
    (pad 1 smd roundrect (at -1.5625 0) (size 1.325 2.7) (layers F.Cu F.Paste F.Mask) (roundrect_rratio 0.188679)
      (net 10 /VCC-5.0))
